112
7.0,-288.5
-15.0,-295.5
-35.0,-303.5
-43.0,-288.5
-36.0,-250.5
-102.0,-261.5
-151.0,-278.5
-131.0,-250.5
-175.0,-208.5
-178.0,-207.5
-212.0,-174.5
-224.0,-176.5
-244.0,-186.5
-266.0,-141.5
-265.0,-128.5
-281.0,-91.5
-250.0,-102.5
-223.0,-86.5
-187.00002,-100.5
-152.0,-85.5
-121.0,-107.5
-104.0,-64.5
-107.0,-39.5
-92.0,-16.5
-106.0,7.5
-139.0,39.5
-155.0,64.5
-156.0,95.5
-114.0,95.5
-103.0,90.5
-86.0,82.5
-80.0,91.5
-58.0,95.5
-31.0,76.5
-1.0,125.5
6.0,90.5
18.0,91.5
47.99997,56.5
16.0,44.5
37.0,27.5
60.00003,14.5
42.0,-29.50003
47.0,-141.5
90.0,-125.5
110.0,-57.49997
158.0,-38.49997
176.0,-57.49997
180.0,-94.5
163.0,-153.5
139.0,-191.5
142.0,-216.5
186.0,-213.5
206.0,-158.5
228.0,-118.5
261.0,-122.5
277.0,-100.5
298.0,-24.50003
292.0,-20.5
278.0,-1.5
253.0,5.5
253.0,22.5
252.0,43.5
252.0,56.5
234.0,72.5
236.0,90.5
250.0,102.5
295.0,102.5
315.0,107.5
333.0,121.5
354.0,103.5
364.0,66.5
374.0,65.5
389.0,51.5
375.0,19.5
378.0,-11.5
381.0,-28.5
410.0,-47.5
410.0,-67.5
404.0,-86.5
415.0,-111.5
407.0,-147.5
441.0,-141.5
461.0,-138.5
469.0,-202.5
452.0,-213.5
432.0,-236.5
415.0,-254.5
394.0,-235.5
367.0,-241.5
356.0,-267.5
374.0,-286.5
388.0,-310.5
364.0,-341.5
359.0,-340.5
353.0,-334.5
293.0,-332.5
283.0,-317.5
269.0,-297.5
254.0,-322.5
253.0,-316.5
240.0,-312.5
205.0,-326.5
194.0,-330.5
193.0,-336.5
183.0,-349.5
170.0,-361.5
155.0,-368.5
141.0,-362.5
125.0,-349.5
111.0,-332.5
89.0,-334.5
39.0,-329.5
true
true
false
true
7.892857
1.0
8
1.0
0.8330003
-146.0
54.0
-210.0
33.0
1.1253977
0.7253982
